0.000000000000000000e+00
9.600000000000000000e+01
1.000000000000000000e+00
1.000000000000000000e+01
1.000000000000000000e+02
3.699999999999999811e-05
1.000000000000000000e+00
-1.200000000000000000e+01
1.200000000000000000e+01
-1.200000000000000000e+01
1.200000000000000000e+01
-1.041666666666666609e-02
2.400000000000000000e+01
9.600000000000000000e+01
9.600000000000000000e+01
9.600000000000000000e+01
0.000000000000000000e+00
0.000000000000000000e+00
0.000000000000000000e+00
0.000000000000000000e+00
0.000000000000000000e+00
0.000000000000000000e+00
0.000000000000000000e+00
0.000000000000000000e+00
0.000000000000000000e+00
0.000000000000000000e+00
0.000000000000000000e+00
0.000000000000000000e+00
0.000000000000000000e+00
0.000000000000000000e+00
